## Randomly generated taquin of dimension 11 ##
75  57  68  29  50  111 47  9   116 87  14 
25  17  4   73  84  39  51  60  20  94  23 
21  42  40  102 81  61  80  78  72  106 31 
41  79  26  83  119 91  45  75  85  44  93 
96  7   76  53  108 117 48  64  113 0   33 
35  82  77  46  103 16  30  6   120 70  88 
24  100 104 38  11  19  62  58  52  12  98 
118 37  67  112 32  105 69  43  86  63  56 
92  13  114 71  101 59  1   97  89  49  90 
95  54  34  28  18  2   5   55  27  109 36 
22  3   8   107 15  10  99  66  115 110 65
